1.931783223227845625e-01
4.515261044551197589e-01
3.245053103983681630e-01
3.093402961496660164e-01
2.570333194733462889e-01
3.860400268036101590e-01
3.070697550497837880e-01
2.028075633441460135e-01
3.109689450995249405e-01
3.527886536845429299e-01
1.855093132860449745e-01
3.869627566701240862e-01
2.917134191830507706e-01
2.635902356402057833e-01
1.547797062834011528e-01
5.141079086881596982e-01
4.375232337386362746e-01
1.281357995055809329e-01
3.252583505886576520e-01
3.170113857777305255e-01
3.396789080723382481e-01
1.725085193322045962e-01
2.370659380937555072e-01
2.773684494670634049e-01
4.266013315798888872e-01
4.315072440896517425e-01
4.588860514890492071e-01
5.024412343822987070e-01
3.779439139543203097e-01
2.972744484064875903e-01
3.553831865059187134e-01
6.416658112109094869e-01
6.250091471048085934e-01
3.948979273593778427e-01
3.067018265060533211e-01
2.045614823559762652e-01
2.668535819353544114e-01
2.489329083717296276e-01
2.610145655447443924e-01
4.213838567855918149e-01
3.198845088346061183e-01
1.974237424868703905e-01
3.739948488148782668e-01
3.557568154870949240e-01
2.323001253713530279e-01
4.488176271844105947e-01
4.199606188969348119e-01
2.848515999559192435e-01
1.406815944545938279e-01
2.979142948400235191e-01
7.153717494116791364e-01
7.302169365454926897e-01
7.789764845145572547e-01
5.228896295068533595e-01
5.583831388205554580e-01
5.007879449148904261e-01
3.617417492240291299e-01
5.167804971206675368e-01
7.526839504044997575e-01
8.229448741289029368e-01
5.675734343127397663e-01
8.086035671103903866e-01
6.536897343218192047e-01
6.062152219590304369e-01
4.339624081077046447e-01
7.596735933724072520e-01
6.337722629272858343e-01
7.916227156502240181e-01
7.588157463614316756e-01
4.833356373825223318e-01
7.328281135896775877e-01
7.782332377628460307e-01
8.692186900681051487e-01
7.264028539743325741e-01
5.651172760075700019e-01
5.650888106047163850e-01
7.699485875662628320e-01
7.352783865110367190e-01
6.694998221846230058e-01
6.394812396710071178e-01
4.370255408126541563e-01
6.777347746668183071e-01
5.464393329395511589e-01
6.191851917101877101e-01
8.277460424111493520e-01
7.566078776168577713e-01
6.523442543957297390e-01
7.585820990935672192e-01
7.361132356750077488e-01
5.562074287870019118e-01
6.477663470909466037e-01
6.504701971967413732e-01
4.883791293149650214e-01
8.389663486378332591e-01
6.508139007390201236e-01
6.148249184476922702e-01
7.218504679251976919e-01
7.656917072874268593e-01
8.498855511452343414e-01
6.456829948020353926e-01
