2.965035558096837387e-01
5.317674101620116778e-01
5.346827744172898411e-01
3.452361180525764794e-01
3.260118681763732873e-01
2.197350670843686016e-01
3.665351501984331125e-03
5.098569479181537245e-01
3.402806690009538282e-01
2.275235094472893571e-01
3.332395965472386701e-01
3.568132980920289410e-01
1.673428242869618721e-01
4.323921380081223731e-01
1.296800876152725268e-01
3.061284115108436898e-01
4.118460121370292049e-01
5.553292833587986088e-01
5.452069406007734598e-01
3.156718733898453699e-01
2.809317759579654794e-01
2.788249587357433668e-01
5.230044602056227454e-01
5.457125888823955995e-01
3.565765280881138533e-01
4.418624751560690789e-01
2.063428550541208661e-01
2.558710246212432815e-01
2.498734020615787366e-01
3.907921729321773285e-01
2.557261267184646192e-01
3.858949585807110449e-01
2.850167764241756663e-01
4.131127984226831695e-01
4.627192832859531868e-01
4.983890615207492991e-01
3.048120160059133998e-01
7.119034831269333008e-01
4.412087627579781013e-01
3.226708818609890228e-01
4.261404360550147263e-01
6.805083767772731607e-01
3.924196210919868588e-01
3.569527811079157842e-01
8.775540949094941257e-02
2.935748351095597286e-01
4.765254163020650746e-01
3.280639497889095701e-01
3.131620285793184633e-01
5.380951135552892728e-01
6.580779626286740180e-01
4.688511698715651654e-01
5.881015093097130553e-01
6.275709173313146483e-01
5.780078804190158515e-01
7.951635360935895847e-01
5.133808231819870782e-01
4.980385547102884058e-01
6.177870289180834584e-01
6.586268397074969139e-01
6.972628547056092252e-01
6.217451452136869561e-01
4.199629490327819736e-01
7.727592955940584263e-01
6.807064474065587234e-01
7.091172549733923969e-01
6.767986743393331617e-01
6.198571036497103615e-01
5.645153906964029966e-01
6.832821340481127770e-01
8.167506629990738398e-01
5.232820403607991722e-01
6.325295509617341327e-01
6.006804959311730086e-01
6.769725608490770874e-01
6.958245905359723427e-01
7.677995363645305771e-01
6.412053991909114625e-01
7.839770263480478896e-01
4.942880453415498532e-01
4.065911293364117274e-01
8.416550581882208393e-01
6.546506733536040512e-01
7.630062586785878453e-01
6.227333477835506059e-01
7.070618051636768930e-01
7.088058545891349205e-01
6.374811841717703542e-01
6.614390323408231298e-01
6.921278137481325921e-01
4.910590256439072987e-01
5.886129322848031586e-01
5.744135132714822678e-01
5.940091695786465786e-01
6.533038856765160940e-01
6.588898052328617805e-01
6.888153942013061082e-01
6.506528253892374103e-01
7.169587808135260421e-01
5.787049956532758221e-01
