3.415218585927575212e-01
3.086265441830509521e-02
1.071406184818090614e-02
1.357925579538213703e-02
2.650089816805926979e-02
6.206293141176050937e-02
4.323115673841402412e-02
1.053422220566550523e-03
3.282992620452391402e-02
4.678930909043956844e-03
2.144466095206114947e-02
3.688324121760030300e-02
9.199527852907821157e-02
3.474445009575338056e-02
5.620437114006861939e-03
2.355097550423700115e-01
1.468522153365732323e-02
7.419557877369564389e-03
7.654694679229967491e-02
3.759373129589664402e-03
2.240181210750790460e-03
3.939448894528099071e-02
3.908964428770603933e-02
1.875568176748757254e-01
1.328473298059429939e-03
5.716926669169147606e-04
1.128554291837876276e-02
1.455846075494570679e-01
1.279589160561529423e-02
8.418452970223536669e-01
1.235499516873529435e-01
1.829785445682102427e-02
3.937034397767575668e-03
1.039577655883485059e-02
8.755458735450154240e-02
6.792460759690996386e-02
2.208262671665144894e-01
6.060059367599438529e-01
1.956392700766118944e-02
8.288338517090496418e-03
6.470235264544615950e-02
1.247090753066101496e-02
4.913048273293537695e-03
9.468091943255246834e-02
1.207687790455728646e-02
1.027727818773328666e-01
4.276359110318742399e-03
5.552845024684697909e-04
2.874105209625020529e-02
8.219295290932688847e-01
7.848045311438325844e-02
2.651882314590962575e-01
6.769967030691556933e-03
5.634994204846310167e-02
2.585600313656385429e-01
3.135901385033816428e-03
4.369953931669634528e-02
6.077849450706822310e-02
5.600324698466589701e-02
2.019120474001383225e-02
5.666884709069797826e-02
1.528628414196828850e-02
6.770296145785610342e-01
9.592960215502310817e-01
8.861435590009621999e-01
7.171730896734072047e-01
7.085880810827434040e-01
9.486664860973107460e-01
8.452890038980886978e-01
9.842574116835945963e-01
9.946043201434108250e-01
9.745400276876717838e-01
9.595390953253682964e-01
9.011374132137588422e-01
9.462542418659047883e-01
6.877677549612265517e-01
9.069633811597616058e-01
9.087190311974928658e-01
9.759037096710627690e-01
6.008548410126091088e-01
9.416800935692037910e-01
9.946586473679083218e-01
9.730495015885287646e-01
9.371777573335606792e-01
8.839309260589867101e-01
6.404246813112379755e-01
9.385223436164646937e-01
9.562020213966008209e-01
9.904641193073651095e-01
9.045569736099967617e-01
7.162622941150748046e-01
9.411161832150255480e-01
8.641066948530741199e-01
9.541032017646985386e-01
8.475764956876091771e-01
9.911244673628222257e-01
9.742365216115437265e-01
8.319334383797725163e-01
9.897167383021130416e-01
9.820738857022989210e-01
9.907410617221159566e-01
9.114502371481255638e-01
9.018099234476063542e-01
9.810674373340418919e-01
6.869817786388913161e-01
9.236519566802817716e-01
8.835107314088125330e-01
9.722028387484084044e-01
8.253577520972196213e-01
8.387100036712933360e-01
9.823486967008411286e-01
8.009954446621094792e-01
9.314409940086516571e-01
8.263028615694060219e-01
5.988853723349445435e-01
9.364784408072975852e-01
9.759059656768813706e-01
7.946295372640244103e-01
9.810033919525437129e-01
9.208467497038645977e-01
8.725555404512093105e-01
9.359101376081248036e-01
8.069349525598965567e-01
9.794705104867641454e-01
