7.427855807927853660e-02
2.355042487696499404e-02
1.960253723712472584e-02
2.487941733874617090e-02
2.739394931495465341e-02
4.196220682762440840e-02
3.109923775826671163e-02
5.983428275939156778e-03
3.605865707149678856e-02
1.461966966765705644e-02
2.375937131538757158e-02
2.632455371124667667e-02
3.267775504293772559e-02
2.880970529492214716e-02
1.414349763405814420e-02
8.013351660772354002e-02
1.529632977600358518e-02
1.878349946862153258e-02
3.738488076992518144e-02
1.111445624623411815e-02
1.060874156416713281e-02
3.833499628160950273e-02
3.068968772007593313e-02
4.326073103113375895e-02
7.505282047225066144e-03
7.299183416891763185e-03
1.827900334242642255e-02
5.773620916973131595e-02
1.484067762106564166e-02
1.236641199275397424e-01
3.754746537690209496e-02
1.532759219824667528e-02
8.835472731429681176e-03
1.527605459452782005e-02
5.008519629695698527e-02
3.178448504977815503e-02
5.741034081459137767e-02
7.999301157598670553e-02
1.780741783509336151e-02
1.609652160783051761e-02
3.153957107974143109e-02
1.774302336708062644e-02
1.087886176306579640e-02
3.919483434731527854e-02
2.454386695655001380e-02
4.000019560916897449e-02
1.264939733304540175e-02
6.273364834381875248e-03
2.429464619078800999e-02
1.587930923851829101e-01
3.086918587236961095e-02
4.858728263252016372e-02
1.624562703377894352e-02
3.828589209620093803e-02
3.881794415214810667e-02
8.927782716784659831e-03
3.024297025377031475e-02
2.846898763885396394e-02
3.556413135660641683e-02
2.474409226515968466e-02
2.215035032236267049e-02
1.626691115457934433e-02
1.134260287581665139e-01
1.994424314491060612e-01
1.427418563447136468e-01
1.148228511597248203e-01
1.118568885708038502e-01
1.575204115960923690e-01
1.332984779862789182e-01
2.351093131330362351e-01
3.113741168103485446e-01
2.047538079290792956e-01
1.914491505950877970e-01
1.551909753028862526e-01
1.897511189390462261e-01
1.097716554835310582e-01
1.556476907194606074e-01
1.449538401948587130e-01
1.899579561453150767e-01
9.057156122599512027e-02
1.664817183516392740e-01
3.146197008568570874e-01
2.043752926912771883e-01
1.715259307145260426e-01
1.306962249336819371e-01
1.045323278341531575e-01
1.483225847866799230e-01
1.843640030892322867e-01
2.567800294598766575e-01
1.600851175022621475e-01
1.154084717730127357e-01
1.675918187180111263e-01
1.369046912193234156e-01
1.776937619586203276e-01
1.393328914595429180e-01
2.448362888587624908e-01
2.018980312027565394e-01
1.245475389001415162e-01
2.202131764887831633e-01
2.230085383639399121e-01
2.637342770288175764e-01
1.593728089124988034e-01
1.509331778524277967e-01
2.203923341862801810e-01
9.842405884180605025e-02
1.565771914566834733e-01
1.512528763257706965e-01
2.015359014977834429e-01
1.302173488039189420e-01
1.189721933020526923e-01
2.208423120182893828e-01
1.115348504781412398e-01
1.757698831525171257e-01
1.194782355655575612e-01
9.393388687924382474e-02
1.864552866681365162e-01
2.284010256734618216e-01
1.274732488116752660e-01
2.153490996066887708e-01
1.605577575989402261e-01
1.436066941824068466e-01
1.576832801576474041e-01
1.250982070639857779e-01
2.019888024251598191e-01
